acier    29.657249648206953    49.37181619437991    0.14338619746781503    
acier    29.657249648206953    49.37181619437991    0.14338619746781503    
acier    29.657249648206953    49.37181619437991    0.14338619746781503    
acier    29.657249648206953    49.37181619437991    0.14338619746781503    
acier    29.657249648206953    49.37181619437991    0.14338619746781503    
acier    29.657249648206953    49.37181619437991    0.14338619746781503    
acier    29.657249648206953    49.37181619437991    0.14338619746781503    
acier    29.657249648206953    49.37181619437991    0.14338619746781503    
acier    29.657249648206953    49.37181619437991    0.14338619746781503    
acier    29.657249648206953    49.37181619437991    0.14338619746781503    
acier    29.657249648206953    49.37181619437991    0.14338619746781503    
acier    29.657249648206953    49.37181619437991    0.14338619746781503    
acier    29.657249648206953    49.37181619437991    0.14338619746781503    
acier    29.657249648206953    49.37181619437991    0.14338619746781503    
acier    29.657249648206953    49.37181619437991    0.14338619746781503    
acier    29.657249648206953    49.37181619437991    0.14338619746781503    
acier    29.657249648206953    49.37181619437991    0.14338619746781503    
acier    29.657249648206953    49.37181619437991    0.14338619746781503    
acier    29.657249648206953    49.37181619437991    0.14338619746781503    
acier    29.657249648206953    49.37181619437991    0.14338619746781503    
acier    29.657249648206953    49.37181619437991    0.14338619746781503    
acier    29.657249648206953    49.37181619437991    0.14338619746781503    
acier    29.657249648206953    49.37181619437991    0.14338619746781503    
acier    29.657249648206953    37.35797655657028    0.3309745668013832    
acier    29.657249648206953    24.069935638854744    1.2374278069792837    
